// This XSS are for a URR-2-1-IN/SL Benchamrk Problem 
// Source: A. Sood, R. A. Forster, and D. K. Parsons, 
//        ‘Analytical Benchmark Test Set For Criticality Code Verification’
//

numberOfGroups 8; 

capture (1.17971E-03 3.47304E-03 3.05552E-02 9.73112E-03 1.51128E-02 2.27751E-02 3.15842E-02 5.85279E-02);
fission (5.49205E-03 2.59989E-04 3.33633E-03 5.64366E-03 1.82748E-02 2.81694E-02 4.21009E-02 8.47322E-02);
nu      (2.78854E+00 2.45356E+00 2.43535E+00 2.43670E+00 2.43670E+00 2.43670E+00 2.43670E+00 2.43670E+00); 
chi     (7.60412E-01 2.39397E-01 1.91105E-04 0.00000E+00 0.00000E+00 0.00000E+00 0.00000E+00 0.00000E+00); 
velocity (1895048427.96258 377331436.613979 12227046.4713355 1670129.40162604 888446.639894808 605114.427138172 407199.283329261 223052.473094295);
 
scatteringMultiplicity ( 
1.0 1.0 1.0 1.0 1.0 1.0 1.0 1.0
1.0 1.0 1.0 1.0 1.0 1.0 1.0 1.0
1.0 1.0 1.0 1.0 1.0 1.0 1.0 1.0
1.0 1.0 1.0 1.0 1.0 1.0 1.0 1.0
1.0 1.0 1.0 1.0 1.0 1.0 1.0 1.0
1.0 1.0 1.0 1.0 1.0 1.0 1.0 1.0
1.0 1.0 1.0 1.0 1.0 1.0 1.0 1.0
1.0 1.0 1.0 1.0 1.0 1.0 1.0 1.0
); 

P0 ( 
    1.89836E-01 7.45080E-02 2.79099E-04 0.00000E+00 0.00000E+00 0.00000E+00 0.00000E+00 0.00000E+00
    0.00000E+00 5.33508E-01 5.68024E-02 3.25718E-05 3.03155E-06 9.07263E-07 7.65796E-07 5.14836E-07
    0.00000E+00 0.00000E+00 7.97779E-01 4.91730E-02 4.80231E-03 1.95600E-03 1.14122E-03 6.37433E-04
    0.00000E+00 0.00000E+00 8.65018E-05 5.92331E-01 1.42263E-01 5.04509E-02 2.56192E-02 1.06763E-02  
    0.00000E+00 0.00000E+00 0.00000E+00 3.76569E-03 5.53380E-01 2.14896E-01 8.86995E-02 3.44438E-02
    0.00000E+00 0.00000E+00 0.00000E+00 0.00000E+00 1.49566E-02 6.32805E-01 2.77915E-01 8.60760E-02
    0.00000E+00 0.00000E+00 0.00000E+00 0.00000E+00 0.00000E+00 4.17899E-02 8.88126E-01 2.64118E-01
    0.00000E+00 0.00000E+00 0.00000E+00 0.00000E+00 0.00000E+00 4.23589E-03 1.52599E-01 1.51915E+00
); 

delayed {

numberOfPrec 7;
beta ( 0.00736949 0.000197607 0.00112156 0.00114522 0.00332038 0.00116321 0.000421511);
lambda (9.02024E-01 1.24911E-02 3.15066E-02 1.10757E-01 3.23308E-01 1.34045E+00 9.07769E+00);

chi (
1.81002E-01 8.16280E-01 2.71828E-03 0.00000E+00 0.00000E+00 0.00000E+00 0.00000E+00 0.00000E+00
1.81002E-01 8.16280E-01 2.71828E-03 0.00000E+00 0.00000E+00 0.00000E+00 0.00000E+00 0.00000E+00
1.81002E-01 8.16280E-01 2.71828E-03 0.00000E+00 0.00000E+00 0.00000E+00 0.00000E+00 0.00000E+00
1.81002E-01 8.16280E-01 2.71828E-03 0.00000E+00 0.00000E+00 0.00000E+00 0.00000E+00 0.00000E+00
1.81002E-01 8.16280E-01 2.71828E-03 0.00000E+00 0.00000E+00 0.00000E+00 0.00000E+00 0.00000E+00
1.81002E-01 8.16280E-01 2.71828E-03 0.00000E+00 0.00000E+00 0.00000E+00 0.00000E+00 0.00000E+00
1.81002E-01 8.16280E-01 2.71828E-03 0.00000E+00 0.00000E+00 0.00000E+00 0.00000E+00 0.00000E+00
);

}
