// This XSS are from the C5G7 Benchamrk Problem 
// Source: OECD-NEA 
//        ‘Benchmark specification for deterministic 2D/3D MOX
//         fuel assembly transport calculations without spatial
//         homogenisation (C5G7 MOX)’
//

numberOfGroups 7; 

capture (8.141100E-04	3.031340E-03	2.596840E-02	9.367530E-02	1.891424E-01	2.838120E-01	2.595710E-01);
fission (8.672090E-03	1.624260E-03	1.027160E-02	3.904470E-02	1.925760E-02	3.748880E-01	4.305990E-01);
nu      ( 2.904260E+00	2.917950E+00	2.869860E+00	2.874910E+00	2.871750E+00	2.867520E+00	2.878079E+00);
chi ( 5.8791E-01	4.1176E-01	3.3906E-04	1.1761E-07	0.0000E+00	0.0000E+00	0.0000E+00);
 
scatteringMultiplicity ( 
1.0 1.0 1.0 1.0 1.0 1.0 1.0 
1.0 1.0 1.0 1.0 1.0 1.0 1.0 
1.0 1.0 1.0 1.0 1.0 1.0 1.0 
1.0 1.0 1.0 1.0 1.0 1.0 1.0 
1.0 1.0 1.0 1.0 1.0 1.0 1.0 
1.0 1.0 1.0 1.0 1.0 1.0 1.0 
1.0 1.0 1.0 1.0 1.0 1.0 1.0 
); 

P0 (
1.315040E-01	4.204600E-02	8.697200E-06	5.193800E-09	0.000000E+00	0.000000E+00	0.000000E+00
0.000000E+00	3.304030E-01	1.646300E-03	2.600600E-09	0.000000E+00	0.000000E+00	0.000000E+00
0.000000E+00	0.000000E+00	4.617920E-01	2.474900E-03	0.000000E+00	0.000000E+00	0.000000E+00
0.000000E+00	0.000000E+00	0.000000E+00	4.680210E-01	5.433000E-03	0.000000E+00	0.000000E+00
0.000000E+00	0.000000E+00	0.000000E+00	1.859700E-04	2.857710E-01	8.397300E-03	8.928000E-09
0.000000E+00	0.000000E+00	0.000000E+00	0.000000E+00	2.391600E-03	2.476140E-01	1.232200E-02
0.000000E+00	0.000000E+00	0.000000E+00	0.000000E+00	0.000000E+00	8.968100E-03	2.560930E-01
); 


velocity (2.23483E+09 5.07520E+08 3.93259E+07 5.20109E+06 1.79321E+06 7.91377E+05 3.05435E+05); 

delayed {

numberOfPrec 8;
beta ( 7.58799E-05 6.33750E-04 2.22271E-04 5.66810E-04 9.77854E-04 4.29965E-04 3.19265E-04 1.21188E-04 );
lambda (1.247E-02 2.829E-02 4.252E-02 1.33E-01 2.925E-01 6.665E-01 1.635 3.555);

chi (
0.00075 0.98512 0.01413 0.0 0.0 0.0 0.0
0.03069 0.96887 0.00044 0.0 0.0 0.0 0.0
0.00614 0.97270 0.02116 0.0 0.0 0.0 0.0
0.01880 0.97284 0.00836 0.0 0.0 0.0 0.0
0.04960 0.94448 0.00592 0.0 0.0 0.0 0.0
0.05496 0.94012 0.00492 0.0 0.0 0.0 0.0
0.10101 0.88540 0.01359 0.0 0.0 0.0 0.0
0.08003 0.91454 0.00543 0.0 0.0 0.0 0.0
);

}
