// This XSS are from the C5G7 Benchamrk Problem 
// Source: OECD-NEA 
//        ‘Benchmark specification for deterministic 2D/3D MOX
//         fuel assembly transport calculations without spatial
//         homogenisation (C5G7 MOX)’
//

numberOfGroups 7; 

capture (8.0686000E-04	2.8808020E-03	2.2271650E-02	8.1322800E-02	1.2917650E-01	1.7642300E-01	1.6038200E-01);
 
fission ( 7.627040E-03	8.768980E-04	5.698350E-03	2.288720E-02	1.076350E-02	2.327570E-01	2.489680E-01);

nu      (2.852089E+00	2.890990E+00	2.854860E+00	2.860730E+00	2.854470E+00	2.864150E+00	2.867800E+00);
chi ( 5.8791E-01	4.1176E-01	3.3906E-04	1.1761E-07	0.0000E+00	0.0000E+00	0.0000E+00);

scatteringMultiplicity ( 
1.0 1.0 1.0 1.0 1.0 1.0 1.0 
1.0 1.0 1.0 1.0 1.0 1.0 1.0 
1.0 1.0 1.0 1.0 1.0 1.0 1.0 
1.0 1.0 1.0 1.0 1.0 1.0 1.0 
1.0 1.0 1.0 1.0 1.0 1.0 1.0 
1.0 1.0 1.0 1.0 1.0 1.0 1.0 
1.0 1.0 1.0 1.0 1.0 1.0 1.0 
); 

P0 (
1.288760E-01	4.141300E-02	8.229000E-06	5.040500E-09	0.000000E+00	0.000000E+00	0.000000E+00
0.000000E+00	3.254520E-01	1.639500E-03	1.598200E-09	0.000000E+00	0.000000E+00	0.000000E+00
0.000000E+00	0.000000E+00	4.531880E-01	2.614200E-03	0.000000E+00	0.000000E+00	0.000000E+00
0.000000E+00	0.000000E+00	0.000000E+00	4.571730E-01	5.539400E-03	0.000000E+00	0.000000E+00
0.000000E+00	0.000000E+00	0.000000E+00	1.604600E-04	2.768140E-01	9.312700E-03	9.165600E-09
0.000000E+00	0.000000E+00	0.000000E+00	0.000000E+00	2.005100E-03	2.529620E-01	1.485000E-02
0.000000E+00	0.000000E+00	0.000000E+00	0.000000E+00	0.000000E+00	8.494800E-03	2.650070E-01
);

velocity (2.23473E+09 5.07114E+08 3.88385E+07 5.16295E+06 1.75719E+06 7.68973E+05 2.94764E+05); 

delayed {

numberOfPrec 8;

beta ( 7.82484E-05 6.40534E-04 2.27884E-04 5.78624E-04 9.97539E-04 4.33265E-04 3.22355E-04 1.23882E-04 );
lambda (1.247E-02 2.829E-02 4.252E-02 1.33E-01 2.925E-01 6.665E-01 1.635 3.555);

chi (
0.00075 0.98512 0.01413 0.0 0.0 0.0 0.0
0.03069 0.96887 0.00044 0.0 0.0 0.0 0.0
0.00607 0.97276 0.02117 0.0 0.0 0.0 0.0
0.01887 0.97282 0.00831 0.0 0.0 0.0 0.0
0.04990 0.94419 0.00591 0.0 0.0 0.0 0.0
0.05524 0.93984 0.00492 0.0 0.0 0.0 0.0
0.10140 0.88508 0.01351 0.0 0.0 0.0 0.0
0.08055 0.91408 0.00537 0.0 0.0 0.0 0.0
);

}
