// This XSS are from the C5G7 Benchamrk Problem 
// Source: OECD-NEA 
//        ‘Benchmark specification for deterministic 2D/3D MOX
//         fuel assembly transport calculations without spatial
//         homogenisation (C5G7 MOX)’
//

numberOfGroups 7; 

capture (8.112400E-04	2.971050E-03	2.445944E-02	8.915700E-02	1.670164E-01	2.446660E-01	2.224070E-01);
fission (8.254460E-03	1.325650E-03	8.421560E-03	3.287300E-02	1.596360E-02	3.237940E-01	3.628030E-01);
nu      ( 2.884980E+00	2.910790E+00	2.865740E+00	2.870630E+00	2.867140E+00	2.866580E+00	2.875390E+00);
chi ( 5.8791E-01	4.1176E-01	3.3906E-04	1.1761E-07	0.0000E+00	0.0000E+00	0.0000E+00);

 
scatteringMultiplicity ( 
1.0 1.0 1.0 1.0 1.0 1.0 1.0 
1.0 1.0 1.0 1.0 1.0 1.0 1.0 
1.0 1.0 1.0 1.0 1.0 1.0 1.0 
1.0 1.0 1.0 1.0 1.0 1.0 1.0 
1.0 1.0 1.0 1.0 1.0 1.0 1.0 
1.0 1.0 1.0 1.0 1.0 1.0 1.0 
1.0 1.0 1.0 1.0 1.0 1.0 1.0 
); 


P0 ( 
1.304570E-01	4.179200E-02	8.510500E-06	5.132900E-09	0.000000E+00	0.000000E+00	0.000000E+00
0.000000E+00	3.284280E-01	1.643600E-03	2.201700E-09	0.000000E+00	0.000000E+00	0.000000E+00
0.000000E+00	0.000000E+00	4.583710E-01	2.533100E-03	0.000000E+00	0.000000E+00	0.000000E+00
0.000000E+00	0.000000E+00	0.000000E+00	4.637090E-01	5.476600E-03	0.000000E+00	0.000000E+00
0.000000E+00	0.000000E+00	0.000000E+00	1.761900E-04	2.823130E-01	8.728900E-03	9.001600E-09
0.000000E+00	0.000000E+00	0.000000E+00	0.000000E+00	2.276000E-03	2.497510E-01	1.311400E-02
0.000000E+00	0.000000E+00	0.000000E+00	0.000000E+00	0.000000E+00	8.864500E-03	2.595290E-01
); 


velocity (2.23479E+09 5.07355E+08 3.91436E+07 5.18647E+06 1.78072E+06 7.84470E+05 3.02310E+05); 

delayed {

numberOfPrec 8;
beta ( 7.65120E-05 6.34833E-04 2.23483E-04 5.68882E-04 9.81163E-04 4.29227E-04 3.18971E-04 1.21830E-04 );
lambda (1.247E-02 2.829E-02 4.252E-02 1.33E-01 2.925E-01 6.665E-01 1.635 3.555);

chi (
0.00075 0.98512 0.01413 0.0 0.0 0.0 0.0
0.03069 0.96887 0.00044 0.0 0.0 0.0 0.0
0.00612 0.97272 0.02116 0.0 0.0 0.0 0.0
0.01883 0.97283 0.00834 0.0 0.0 0.0 0.0
0.04968 0.94440 0.00592 0.0 0.0 0.0 0.0
0.05506 0.94002 0.00492 0.0 0.0 0.0 0.0
0.10115 0.88527 0.01358 0.0 0.0 0.0 0.0
0.08021 0.91438 0.00541 0.0 0.0 0.0 0.0
);

}
