// This XSS are from the C5G7 Benchamrk Problem 
// Source: OECD-NEA 
//        ‘Benchmark specification for deterministic 2D/3D MOX
//         fuel assembly transport calculations without spatial
//         homogenisation (C5G7 MOX)’
//

numberOfGroups 7; 
capture ( 8.1274000E-04	2.8980990E-03	2.0315800E-02	7.7671200E-02	1.2211600E-02	2.8225200E-02	6.6776000E-02);
fission ( 7.212060E-3 8.193010E-4 6.453200E-3 1.856480E-2 1.780840E-2 8.303480E-2 2.160040E-1);
nu ( 2.7814494E+00	2.4744300E+00	2.4338297E+00	2.4338000E+00	2.43380E+00	2.43380E+00	2.43380E+00);
chi ( 5.8791E-01	4.1176E-01	3.3906E-04	1.1761E-07	0.0000E+00	0.0000E+00	0.0000E+00);

scatteringMultiplicity ( 
1.0 1.0 1.0 1.0 1.0 1.0 1.0 
1.0 1.0 1.0 1.0 1.0 1.0 1.0 
1.0 1.0 1.0 1.0 1.0 1.0 1.0 
1.0 1.0 1.0 1.0 1.0 1.0 1.0 
1.0 1.0 1.0 1.0 1.0 1.0 1.0 
1.0 1.0 1.0 1.0 1.0 1.0 1.0 
1.0 1.0 1.0 1.0 1.0 1.0 1.0 
); 

P0 (
1.2753700E-01	4.2378000E-02	9.4374000E-06	5.5163000E-09	0.0000000E+00	0.0000000E+00	0.0000000E+00
0.0000000E+00	3.2445600E-01	1.6314000E-03	3.1427000E-09	0.0000000E+00	0.0000000E+00	0.0000000E+00
0.0000000E+00	0.0000000E+00	4.5094000E-01	2.6792000E-03	0.0000000E+00	0.0000000E+00	0.0000000E+00
0.0000000E+00	0.0000000E+00	0.0000000E+00	4.5256500E-01	5.5664000E-03	0.0000000E+00	0.0000000E+00
0.0000000E+00	0.0000000E+00	0.0000000E+00	1.2525000E-04	2.7140100E-01	1.0255000E-02	1.0021000E-08
0.0000000E+00	0.0000000E+00	0.0000000E+00	0.0000000E+00	1.2968000E-03	2.6580200E-01	1.6809000E-02
0.0000000E+00	0.0000000E+00	0.0000000E+00	0.0000000E+00	0.0000000E+00	8.5458000E-03	2.7308000E-01
);

velocity (2.23466E+09 5.07347E+08 3.86595E+07 5.13931E+06 1.67734E+06 7.28603E+05 2.92902E+05); 

delayed {

numberOfPrec 8;
beta ( 2.1333333E-04 1.04514E-03 6.03969E-04 1.33963E-03 2.29386E-03 7.05174E-04 6.00381E-04 2.07736E-04 );
lambda (1.247E-02 2.829E-02 4.252E-02 1.33E-01 2.925E-01 6.665E-01 1.635 3.555);

chi (
0.00075 0.98512 0.01413 0.0 0.0 0.0 0.0
0.03049 0.96907 0.00044 0.0 0.0 0.0 0.0
0.00457 0.97401 0.02142 0.0 0.0 0.0 0.0
0.02002 0.97271 0.00727 0.0 0.0 0.0 0.0
0.05601 0.93818 0.00581 0.0 0.0 0.0 0.0
0.06098 0.93444 0.00458 0.0 0.0 0.0 0.0
0.10635 0.88298 0.01067 0.0 0.0 0.0 0.0
0.09346 0.90260 0.00394 0.0 0.0 0.0 0.0
);

}

